[7, 246]
[4, 113]
[6, 244]
[6, 248]
[6, 245]
[5, 234]
[5, 253]
[7, 253]
[6, 251]
[5, 255]
[6, 272]
[6, 271]
[6, 277]
[7, 269]
[7, 276]
[5, 274]
[6, 290]
[5, 277]
[7, 290]
[6, 288]
[5, 285]
[4, 292]
[4, 304]
[5, 296]
[5, 307]
[5, 324]
[7, 336]
[6, 344]
[6, 349]
[4, 375]
[5, 376]
[6, 402]
[6, 406]
[5, 412]
[5, 407]
[5, 418]
[5, 432]
[6, 393]
[5, 372]
[5, 375]
[6, 371]
[6, 375]
[5, 359]
[5, 393]
[6, 424]
[6, 405]
[5, 432]
[5, 431]
[6, 439]
[5, 444]
[6, 449]
[5, 430]
[5, 409]
[7, 414]
[6, 421]
[5, 439]
[6, 394]
[6, 402]
[6, 394]
[5, 374]
[5, 375]
[5, 349]
[5, 354]
[5, 346]
[5, 373]
[5, 367]
[5, 395]
[5, 391]
[5, 397]
[5, 415]
[5, 469]
[5, 439]
[5, 426]
[5, 445]
[5, 416]
[5, 419]
[4, 398]
[4, 417]
[5, 410]
[6, 411]
[6, 424]
[6, 421]
[6, 423]
[5, 412]
[6, 422]
[5, 403]
[5, 393]
[7, 384]
[6, 373]
[5, 368]
[6, 359]
[7, 351]
[6, 355]
[6, 334]
[4, 325]
[5, 346]
[6, 325]
[6, 310]
[5, 316]
[4, 307]
[6, 301]
[5, 295]
[5, 297]
[6, 262]
[6, 280]
[6, 261]
[6, 238]
[6, 259]
[6, 257]
[6, 239]
[5, 391]
[6, 365]
[6, 374]
[4, 369]
[6, 379]
[5, 391]
[5, 373]
[5, 428]
[4, 447]
[4, 398]
[3, 412]
[4, 451]
[5, 419]
[4, 438]
[5, 341]
[4, 319]
[4, 319]
[4, 337]
[4, 329]
[4, 319]
[4, 350]
[4, 364]
[4, 328]
[5, 305]
[4, 346]
[4, 356]
[4, 335]
[5, 343]
[5, 395]
[5, 386]
[6, 392]
[5, 404]
[6, 395]
[6, 431]
[6, 420]
[6, 429]
[6, 420]
[6, 456]
[6, 404]
[5, 433]
[6, 455]
[6, 426]
[6, 280]
[6, 396]
[6, 267]
[6, 271]
[6, 312]
[6, 350]
[6, 318]
[5, 311]
[5, 275]
[5, 298]
[5, 300]
[5, 305]
[5, 312]
[5, 310]
[5, 338]
[5, 343]
[5, 347]
[4, 334]
[5, 373]
[5, 368]
[4, 365]
[4, 292]
[4, 317]
[4, 336]
[5, 401]
[5, 421]
[5, 402]
[4, 425]
[4, 409]
[5, 427]
[5, 437]
[4, 437]
[5, 436]
[5, 445]
[5, 473]
[5, 470]
[5, 508]
[5, 530]
[5, 543]
[5, 563]
[5, 596]
[5, 600]
[5, 645]
[4, 669]
[5, 662]
[5, 711]
[5, 700]
[5, 697]
[4, 735]
[5, 749]
[5, 784]
[5, 829]
[5, 763]
[6, 795]
[5, 756]
[5, 754]
[5, 870]
[5, 827]
[5, 799]
[5, 822]
[4, 773]
[4, 811]
[6, 783]
[5, 792]
[5, 749]
[5, 787]
[6, 798]
[6, 804]
[4, 629]
[4, 629]
[5, 658]
[5, 679]
[5, 705]
[5, 680]
[5, 666]
[5, 678]
[5, 697]
[5, 670]
[5, 694]
[5, 724]
[5, 644]
[5, 637]
[5, 595]
[5, 602]
[5, 618]
[5, 591]
[5, 613]
[5, 636]
[5, 639]
[5, 605]
[5, 692]
[5, 678]
[5, 716]
[5, 718]
[5, 753]
[5, 727]
[5, 754]
[6, 751]
[5, 769]
[6, 761]
[5, 731]
[6, 793]
[6, 773]
[4, 707]
[6, 809]
[5, 758]
[5, 783]
[5, 731]
[5, 680]
[5, 707]
[5, 675]
[5, 688]
[5, 717]
[5, 704]
[5, 666]
[5, 671]
[5, 669]
[5, 665]
[5, 634]
[5, 634]
[5, 676]
[6, 668]
[5, 662]
[5, 655]
[5, 659]
[6, 664]
[4, 645]
[5, 650]
[5, 666]
[5, 663]
[5, 675]
[5, 624]
[5, 636]
[5, 628]
[5, 653]
[5, 650]
[5, 655]
[5, 642]
[5, 670]
[5, 642]
[5, 637]
[5, 616]
[5, 569]
[5, 606]
[5, 609]
[5, 593]
[5, 598]
[5, 554]
[5, 625]
[5, 639]
[5, 639]
[5, 646]
[5, 684]
[5, 666]
[5, 664]
[5, 706]
[5, 702]
[5, 722]
[6, 663]
[5, 679]
[5, 619]
[5, 687]
[4, 672]
[5, 675]
[5, 668]
[5, 629]
[5, 636]
[5, 645]
[5, 637]
[5, 644]
[4, 633]
[5, 612]
[5, 601]
[5, 636]
[6, 640]
[5, 653]
[5, 675]
[5, 668]
[6, 633]
[5, 660]
[5, 703]
[5, 694]
[6, 727]
[5, 746]
[6, 691]
[6, 684]
[6, 643]
[6, 637]
[6, 599]
[5, 574]
[6, 593]
[5, 535]
[5, 515]
[6, 567]
[5, 546]
[5, 551]
[6, 562]
[6, 578]
[5, 575]
[5, 555]
[6, 570]
[6, 606]
[6, 644]
[6, 662]
[6, 626]
[5, 641]
[6, 655]
[5, 656]
[6, 694]
[6, 688]
[5, 653]
[5, 653]
[6, 651]
[5, 656]
[5, 641]
[5, 633]
[5, 623]
[5, 679]
[5, 587]
[5, 583]
[5, 529]
[5, 528]
[4, 515]
[4, 508]
[5, 559]
[5, 540]
[5, 696]
[5, 707]
[5, 751]
[5, 776]
[5, 767]
[6, 749]
[6, 773]
[7, 783]
[6, 705]
[5, 743]
[5, 735]
[7, 727]
[5, 744]
[5, 746]
[5, 747]
[5, 725]
[5, 728]
[5, 723]
[6, 736]
[5, 705]
[5, 723]
[5, 714]
[5, 732]
[5, 740]
[7, 723]
[6, 719]
[5, 689]
[5, 709]
[6, 700]
[5, 690]
[5, 737]
[5, 718]
[7, 753]
