[2, 121]
[2, 173]
[3, 173]
[3, 163]
[3, 134]
[3, 147]
[3, 83]
[3, 97]
[3, 80]
[3, 41]
[3, 49]
[3, 42]
[2, 56]
[3, 55]
[2, 53]
[2, 93]
[3, 42]
[2, 108]
[4, 101]
[3, 123]
[3, 97]
[3, 110]
[3, 83]
[3, 80]
[3, 79]
[3, 96]
[3, 87]
[2, 66]
[2, 57]
[3, 65]
[2, 68]
[3, 73]
[3, 58]
[3, 75]
[3, 65]
[5, 66]
[3, 60]
[3, 62]
[3, 56]
[2, 25]
[2, 35]
[2, 40]
[3, 38]
[3, 51]
[2, 42]
[2, 87]
[2, 105]
[3, 136]
[2, 172]
[2, 97]
[3, 38]
[3, 47]
[3, 40]
[3, 38]
[2, 128]
[3, 113]
[3, 122]
[3, 90]
[3, 91]
[2, 102]
[3, 65]
[3, 69]
[2, 51]
[3, 53]
[3, 60]
[1, 44]
[2, 55]
[3, 45]
[1, 30]
[2, 42]
[2, 40]
[2, 43]
[1, 43]
[2, 42]
[2, 35]
[1, 34]
[1, 56]
[3, 61]
[4, 65]
[2, 46]
[1, 49]
[3, 45]
[2, 57]
[1, 50]
[3, 50]
[1, 46]
[2, 34]
[2, 39]
[3, 38]
[3, 56]
[2, 35]
[1, 25]
[3, 37]
[2, 34]
[2, 38]
[2, 52]
[2, 34]
[2, 31]
[2, 35]
[2, 38]
[3, 37]
[2, 30]
[2, 41]
[2, 43]
[2, 64]
[2, 50]
[3, 58]
[4, 44]
[2, 64]
[2, 74]
[3, 33]
[2, 37]
[2, 23]
[2, 27]
[2, 40]
[2, 31]
[3, 38]
[3, 43]
[3, 31]
[3, 45]
[3, 46]
[3, 39]
[3, 45]
[3, 56]
[2, 43]
[4, 48]
[3, 56]
[3, 57]
[3, 56]
[3, 64]
[3, 52]
[3, 53]
[3, 53]
[3, 49]
[3, 31]
[3, 16]
[3, 35]
[3, 161]
[3, 158]
[3, 170]
[3, 159]
[3, 79]
[3, 79]
[2, 81]
[3, 181]
[3, 172]
[2, 162]
[3, 141]
[2, 49]
[3, 50]
[2, 29]
[2, 34]
[2, 22]
[2, 22]
[2, 23]
[2, 17]
[2, 40]
[2, 31]
[2, 63]
[4, 30]
[2, 33]
[2, 64]
[2, 45]
[2, 42]
[2, 50]
[3, 14]
[2, 28]
[2, 56]
[2, 80]
[2, 75]
[2, 53]
[2, 39]
[2, 35]
[3, 26]
[3, 31]
[3, 33]
[3, 30]
[3, 42]
[3, 38]
[3, 48]
[3, 59]
[3, 44]
[3, 47]
[3, 44]
[3, 49]
[3, 43]
[3, 38]
[3, 38]
[3, 41]
[3, 29]
[3, 33]
[3, 28]
[2, 33]
[3, 23]
[3, 40]
[3, 21]
[3, 34]
[3, 26]
[3, 29]
[3, 28]
[3, 39]
[3, 27]
[3, 31]
[4, 42]
[5, 62]
[3, 43]
[4, 58]
[4, 69]
[4, 58]
[2, 68]
[7, 60]
[4, 61]
[4, 48]
[5, 61]
[2, 51]
[4, 46]
[2, 58]
[5, 40]
[2, 36]
[2, 52]
[3, 73]
[5, 39]
[4, 56]
[2, 53]
[3, 66]
[3, 52]
[3, 54]
[4, 60]
[3, 37]
[3, 39]
[2, 49]
[3, 42]
[3, 37]
[2, 35]
[2, 40]
[3, 32]
[3, 30]
[3, 28]
[3, 24]
[3, 25]
[3, 27]
[3, 44]
[3, 39]
[2, 35]
[4, 84]
[2, 32]
[3, 43]
[3, 39]
[2, 52]
[3, 51]
[2, 47]
[2, 49]
[2, 62]
[2, 183]
[2, 69]
[2, 193]
[2, 178]
[3, 456]
[2, 180]
[2, 219]
[2, 208]
[2, 219]
[2, 282]
[2, 242]
[2, 218]
[2, 238]
[2, 241]
[2, 237]
[2, 247]
[2, 340]
[2, 318]
[2, 361]
[2, 344]
[2, 265]
[2, 342]
[2, 420]
[2, 433]
[2, 279]
[2, 328]
[2, 361]
[2, 387]
[2, 394]
[2, 459]
[2, 438]
[2, 429]
[2, 378]
[2, 284]
[2, 333]
[2, 305]
[2, 290]
[2, 244]
[2, 180]
[2, 122]
[2, 111]
[2, 100]
[2, 85]
[2, 81]
[2, 61]
[2, 25]
[2, 21]
[3, 30]
[2, 44]
[2, 49]
[2, 57]
[2, 60]
[3, 52]
[2, 39]
[2, 47]
[2, 55]
[2, 28]
[2, 22]
[2, 19]
[3, 67]
[2, 46]
[2, 54]
[2, 26]
[2, 57]
[2, 58]
